INDEX 66161014641. 625

B bag. Ρ 11 Vl B pag. P 11 Vl B pag.
- 469 13275 eur 41 4702 491 13364 532 4512 535
4315 460 13276 »- - 493 13366 533 4513 535
.’ 4346 469 13277 446 4440 505 13363 619 4609 525
Ξ” 4356 463 13273 451 4443 506 13369 665 4655 536
.”ἰ 4333 464 13279 cur 40 4701 466 :13313 - 566

- 366. 466 13666 cur 36 4666 433 13344 - 666
:1 4333 466 13661 eur 36 4666 433 ΐ13343 66 »26 666
- 466 13666 446 4436¹ 6611 316366 661 6 666

- 666 13334 466 4466 664 ,13343 610 · 666
4366 466 13636 462 4464 616 113361 666 66 433
ε 4436 466 13666 466 4446 666 313366 666 66. 646
:2 1331 4161 13334 66136 4666 497 113333 6114 ⁷⁷ 5111
.. 466 13666 cur 46 4666 466 ¹13366 433 ⁷⁷> 646
4344 434 13396 31148 4409 3442 113333 666 ,4 616
4333 469 13291 eur 66 4611 466 Ι133311 353 .· 544
- 413 13344 466 44ῠὸ 311 13362 666 ,4 644
- 466 16666 cur 63 4664 663 41331135 5111 ,ν 545
: 4646 466 13333 04164 4725 503 {13366 our 63 646
:1 4366 466 13494 434444 4439 513 113334 cur 66 646
4366 411 13300 616· 4606 5¹2 1346 664 41 666
4366 466 16:404 469 4464 314 ,13433 666 ⁷· 664
.4 4361 461 1346 344 4643 5¹6 113413 666 ·4 666
.. 4435 16666 616 4666 616 ¹13414 5511 1· 5η
4466 443 143467 366 4361 466 1311411 - - 461
4461 464 1333 646 4636 616 13416 64 4166 416
4366 444 13116 41143 4434 466 13423 31 4116 111
4464 464 1:311 cur 46 4798 663 13144 153 4145 133
4666 444 13614 — - 526 13446 164 4146 462
4463 443 16616 - - 666 13446 161 4163 666
- 666 13616 531 4661 666 13443 166 4154 533
4466 444 13311 666 4646 666 13466 114 4166 466
ι 4366 466 13316 - - 666 13166 166 4166 416
- 466 13313 - - 666 13461 166 4166 466
- 666 13366 631 4661 626 13466 166 4166 433
4666 633 13361 - - 466 13466 133 4166 463
4411 466 13362 461 4461 616 13463 666 4166 466
4416 466 13663 - - 666 13443 661 4166 461
4416 466 16366 614 4664 616 13436 4616 436
4414 461 13333 343 4636 666 13431 266 4614 461
- 413 16634 466 4466 664 13462 626 4616 436
- 666 1666 663 4643 666 13466 626 4621 462
·⁷ 4466 436 13636 4431 663 13466 636 4624 611
- 466 1666 416 4166 664 13466 666 4636 436
- 466 1366 4666 666 13433 663 4666 433
1 4666 466 16646 : 4366 616 13464 4661 436
’4 4344 436 13646 661 4431 666 13466 4666 433
436 4431 666 13343 662 4466 666 ¹13664 666 4666 466
cur 61 4663 466 13346 6 4636 666 '16666 662 4664 433 ,
eur 63 4333 466 1661 ·: 13666 663 4666 666
66166 4666 466 13663 61 11 .. 13666 666 4661 666
eur 36 4661 463 13334 . 16666 666 4663 666
341131 4666 466 16646 ι’ 13515 306 4268 466
cur 66 4663 436 13344 1 13616 366 4666 463
61433 4664 466 1666 4ι 13663 366 4616 416
41134 4666 464 13366 ’- ⁷· 1:666 366 4366 616
cur 36 4666 464 16366 ⁷ 1· 13666 666 4361 461
06146 4663 461 13361 . ⁷ .· 13666 366 4366 461
cur 43 4664 433 13366 ⁸· 4· 13666 331 4363 466
0644 4666 466 1633 41 · ⁷ 16666 636 4664 466

326. Pon. 11. 79 .

 

