INDEX 150151010055.

511151’ mnu BP pag.1,11115 P pag.
355 1101 - 73 6116116111 1365 11572 75 225 1584 178

359 1102 11581 73 611113 1368 11733 88 226 1585
360 1103 -’ 73 LIII 1586
382 1121 11569 71 31 1391 -
384 1123 11588 38 1398 11765
385 1124 11587 39616 1400 -
396 1135 - · 43 1404 11757

1588 104
1593
1594
1595
1596
1597
1598
1600
1601
1602
1609
1612
1628
1629
1630
1031
1636
1637
1638
1641
1646
1647
1648

1663

368

κ)
Ξ

284
566
83
94
429 1166 11605 ’ 44 1405 11758 94
430 1167 - ⁸ 45 1406117583 94
431 1168 46 1407 11759 94
432 1169 47 1408 - 566
545- 1182 56 1418 11760 95
58 1420 11827 99
62 1424 - 117
95
122
137
97

460 1197
465 1202
467 1204
473 1210
491 1228

,Ἰ

65 1425 117876
66 1426 11813
67 1427 11814
492 1229 69 1429 -
493 1230 75 1435 11805
496 1233 - 77 1437 -
497 1234 81 1441
498 1235 82 1442
499 1236 86 1446
500 1237 87 1447
501 1238 91 1451
502 1239 -- 92 1452
503 1240 -- 93 1453
504 1241 - 94 1454
506 1243 - 107 1467
661-31244 - 111 1411

524 118 1478
530 1250 11078 et

1149116

:2 Ξ
Ξ Ι Ι Ι Ξ
ΕΦ 0

I 1 1 Ι
Ι Ι Ι Ι

1668

1485

181·565 31 116

531 1251 - 83 132 1492

646 1366 - 661 163 m
550 1316 - 63 163 ‘’
661 1311 - 66666 164 1636
666 1316 11611 61 166 1634
550 1366 - 661 166 1636
666 1366 - 64 161 1636
616 1366 11666 66 166 1631
611 1366 116666 61 1 1636
613 1366 - 66 1666
616 1361 50 1666
614 1363 50 1661
616 1366 63 · 1664
666 1616 661 1666
613 1661 63 1666
636 1346 - 63 ⁶ 1661

Ι1Ιξὲ11ΙΙΙΙΙΙΙΙΙΙΙΙΙΙΙΙΙΙΙΙΙΙΙΙΙΙΙΙΙΙΙΙΙΞΙΙΙΙ

627 1346 —- 566567 1570
cur l 1354 11493 56 1571
61112 1355 11493 56 1573
6613 1356 11493 56 1576
61114 1357 11523 63 1577
curs) 1355 11656 82 1579
cur 6 1359 11644 78 1580
61118 1361 - 86 1581
cur 9 1362 11607 ‘ 1582
311111 1364 11571 72 · 1583·

1 Ι 1 I 1 Ι Ι Ι I

 

