INDEX 40111014014.

111111 1111111111 1161111111 pag.
014 4666 13366 113 66133 4636 13314 433 61113 4136 13134
611 4661 13634 61136 4631 13314 433 61136 4131 13134 1
613 4404 13363 433 61131 4633 13314 436 66161 4133 13134 1
6111 4000 14344 611132 4693 13374 449 00144 4123 1314» 1·
4616 13636 11133 4634 13314 436 61163 4134 13331 1
= 4011 13631 163 11134 4631 13314 434 161164 4131 13336 1·
11 4611 1311111 116 111131 4631 13314 434 61161 4136 13136 1·
¹2‘· 4611 13161 111 eur-00 41131 13331 431 611166 4131 13131 1
·· 4613 13163 111 16131 4633 13336 433 'eur 41 4133 13133
·· 46311 133311 136 61133 4633 13331 433 11163 4133 13336 1·
1· 4631 13164 136 16133 4161 - 433 41163 4136 13331 .·
· 4633 13613 416 61146 41111 13313 433 66116 4131 13133 1
· 4633 13333 1311 66141 4163 13311 431 16111 4133 13146 ·.
·,·. 4643 13136 144 61143 4163 13314 431 6111116 4133 13141 .1
4343 133311 144 161143 4164 13314 433 16113 4134 13141 1
11 4644 111311 436 11144 4161 13314 436 61113 4131 13141 1
111 4643 13413 1111 16141 4166 13333 431 66114 4136 13141 11
4616 13414 1116 16146 4161 13316 431 16111 4131 13141 .1
4611 13131 131· 61141 41113 13311 1161 16116 4133 13141 1
·1 4613 13311 133 61143 4163 13336 163 16111 4133 13141
·· 46111 13131 133 61143 4116 13134 433 eur 13 4146 13141 1

’1 4111 13363 116 61166 4111 131341 Μ 11113 4141 13141

1111-134663-13331- 133311 61136 4143 13141 116
4613 13331 4¹¹ 111111 4113 13134 1611 61131 4143 13141 .1·
61113 4636 13133 411 11613 4113 13134 166 11133 4144 13141 11·

61136 4631 13661 413 11113 4114 13134 436 116133 4141 13141 11

611123 4633 13110 434 611134 47111 13734 497 Ι611134 4746 13741
611133 4636 13163 4:¹13 6111116 4716 13734 1766 16111817 4747 13741
611136 4687 13163 41717 611136 4717 13734 366 611186 4144 13741 1
611127 4044 14414 487 6111717 4114 13734 660

611133 4044 1:4414 433 ,611133 4719 13734 501 ,

11.

111 6 pag. 1 11 11 11611 11
- - 166 11113 161 161 34 1113131 613
1116 1316 33161 11111 131 131 31 11346 611
11 11113 - - 166 11314 -
1 1 1111611163 - - 131 11313 641
34 34 16 11163111] 3611 366 166 11363 616
31 36 3 111161 3111 361 33 11311 663
31 111 4 111166 431 433 33 11313 -
141 144 4 11131 311 313 161 11313 613
111 116 1 ἰ11136 313 313 161 11336 111
- - 163 ζ11131 366 361 31 11336 -
111 13 6 111133 361 363 34 11366 636
- - 161 11133 - - 3136 11334 -
36 33 3 (11363 - - 166 114631 116
34 34 1 11363 1114 316 161 11411 -
31 «13 16 Ι11363 316 313 1166 11414 -
11 11316 - - 161 11413 -
13 11313 313 366 31 111
163 13 11311 - - 161 111433 -
161 36 111311 313 314 31 11433
1 33 111311 - .- 161 111446
113 11 33 111333 131 136 1611 11413
166 · 44 111336 111 113 4616111413
161 33 Ι11331 663 364 43 11414

 

