614 INDEX 90191019091.

LIII B P pag. 1111 B P pag. LIV B P μς.
408 1756 - 148 cur 0 1971 12073 122 77 2072 ”
416 1764 12030 118 cur 7 1972 12074 123 79 2074 173

418 1766 - 116 cur 9 1973 12081 126 86 2081 190
499 1768 12024 119 81119 1974 12086 129 90 2085 166
437 1779 12042 118 curlo 1975 - 130 94 2089· 109
440 1782 - 108 cur 11 1976 127 96 2091
443 1785 - 118 cur 12 1977 131 97 2192
457 1798 12041 118 911113 1978 132 98 2093
460 1801 121117 118 99114 1979 - 130 99 2094
462 1803 - 117 cur 15 1980 134 100 2095
464 1805 11845 100 911116 1981 133 101 2096
466 1807 - 123 cur 17 1982 ’” 135 102 2097
469 1810 -u 136 cur 18 1983 125 103 2098

475 1816 - 136 911119 1984 125 104 2099
476 1317 19099 118 911120 1985 124 106 2101

477 911121 1986 124 114 2109
478 1818 12098 118 811122 1987 128 118 2113

419 1819 19998 118 cur 99 1999 141 119 9114
499 1999 - 509 00124 1999 144 190 9115
494 1994 19094 119 cur95 1990 145 191 9110
495 1995 - 119 88 98 1998 189 199 9119
499 1999 119 00929 1994 90 199 9118
488 1898 190 eur30 1995 149 198 9193

1833 500 111 189 9198

1881 191 1 1998 188 181 9198
499 1939 139 9 1999 109 199 9198
894 1843 888 8 1998 999 135 9190
009 1949 199 8 9001 949. 988 199 9133

1959 119 19 9009 159 9194

1909 199 14 9009 109 149 9181
898 1881 189 18 9010 109 144 9189
110 18 9013 109 9149
889 1909 - 140 90 9918 189 9144
591 1819 19191 1181818118 91 9918 189 189 9148
592 1811 11981 131 99 119 9150
549 1888 - 114 98 111 9181
889 1991 191 91 111 184 9189

143 99

’ὦ ι 1 1 1 1 1
m
ες

529 1868

'xz->⁴

}{{

557 1896 149 165 2160
562 1901 567 34
567 36

563 1902
564 1903 146 31
1911
1917
580 1920
588 1927
589 1928
599 1937
600 1938

169 168 2163
181 2176
170 2177
170 2188
171 2184
169 “ ‘
109 2189
169

169

173

945
98
141
146
146
149 59
149 58 ·
149 59
150 89
000 05
104138 88

38
41
49
50
51

601 1999
603 1941
604 1942
609 1946
1948 148 81
1969 - 148 88
620 1968 12112 98 18
1966 11806 98 11 “
81112 1961 - 114 12
cur4 1969 12911 190 99
1910 12012 121 16

119

119

999

193 , 991 ·
109 1 919 ⁶
500 1 910
999 ¹ 919
109 ¹ 991 9929 19918

119 988 9999 -
118 988 9981 -
199 Ι 981 9909 19999

5—- ν-*ν-ὁ
ιιιιιιέιιιιιιξιέιιιιιιιιιιιιι

 

