624 INDEX EDl'I'lONUM.

P LV Β ptgstl' LV B pag. Ρ LVI Β ptg.
131130 - - 330 213313 314 3333 331 13333 441 4431 4341
133331 - - 3341 13313 313 3303 333 13333 313 4333 433
13333 4133 3333 131. 333 133111 313 3331 333 1133313 334 44114 443
13333 443 3433 434 ,13333 313 3331 3311 ἶ13333 4311 430
13333 443 3433 434 113331 313 3143 333 ’13333 3333 4313 433
13333 444 3434 434 [13133 311 33311 3311 133311 - - 413
13333 434 3344 333 ἶ133313 - - 331 911333 343 4331 441413
133313 111133 4133 3311 913333 1433 33311 333 2133311 4333 431
13333 433 3133 333 1131133 1133 4013 333 1314111 343 4333 431
13333 434 3134 3411 913331 340 11333 3104 1303 4333 433
13311 334 3114 340 Ι13113411 13111 4113 333 13313 4323 433
13813 1111311 4083 341· 133141 331 3331 334 1131333 3414 43:33 433
13314 111133 4333 341 1133313 333 33311 334 13030 4341 433
133113 111143 4133 341 1331 33113333 334 ¹13031 3313 4343 434
333-3 343 Ι1311311 - - 13111 3133113 311 4343 434

¹²⁸¹⁶ ’130 3111 343 913341 331 3303 333 1131313 4331 431
12812 . . 113341 1111313 4103 333 ·13101 3411 4313 431
128Ῑὸ ⁰2⁰ m) 'm 12942 eur 1¹11 4104 400 13108 - - 442
42812 cur 22 4082 241 ,13343 1111133 4101 401 Ι131311 333 4313 431
13331 - - 401 13331 - - 3113 ἰ13113 4333 434
13333 333 3113 344 1311113 333 311113 413 113111 343 4333 433
12824 823 2228 242 ἔ13313 1111113 4133 403 513113 4333 433
134333 333 3313 344 33310 - - 4133 113113 343 4341 433
12828 221 222] 242 ξ13331 1113 :1330 433 13114 - - 443
12822 4322 2222 242 1331311 313 433143 403 13411 - - 4411

13333 333 3333 343 331 13113 - - 443
13331 343 3333 343 9131131311 - - 1410 ,131111 331 4343 441
13334 3333 3441 11331331 - - 333 13430 313 4431 441
13831 ι’ 3639 :343 1'33434- cur lb} 4662·

’.ι’ j )
130303 ·- 304 1298ῖ 4013 2411 922222 221 4282 24114442
13333 1··1· 3034 311 113333 - - 414 ¹13133 333 4333 443
1333311 - 333 2 - - 410 13133 3411 4313 443
13343 1· 3343 3313 ¹13334 3431 4341 413 Ι13133 333 4331 443
128433 - 3453 1333? - -1’130 13128 3413 4363 442
13344 31343 330 133113 - -1313 13133 3111 4333 443
13331 - - 333 13311311 - - 413 131311 333 4334 443
13333 - 284 13333 1111311 4034 413 13131 303 431-14 444
133313 - 3311 13003 - - 410 13133 313 4333 443
12828 - 222 133111 - - 331 13134 333 4311 441
42829 - 4432 133113 - 433 13133 3311 4333 443
22882 ’2 2212 228822 133113 - - 433 13133 331 4313 443
13333 ·· 3313 3333133 131113 - -, 433 13133 333 4333 441
12871 2 2222 28 1311111 1343 4333 413 13133 333 43311 443
12824 2282 268 13333 141 4133 411 13440 333 4334 433
12822 ² 2284 ’228 13333 4100 418 1314311 - - 333
13333 - 333 1303 1113 4133 413 13143 311 4303 443
13333 - 3313 13331 4131 433 , 333 43133 443
13334 - 331 13331 303 4133 413 ¹3¹⁰¹ 313 43111 443
13333 3333 333 1333111 4133 433 131313 - - 442
12822 222 2228 272 1333331 - - 4113 1311111 333 4311 431
42892 43¹ 2228 224 13341 300 4133 1313 131313 333 4331 41311
13333 „ - 381 13343 1131 4143 433 13131311 333 4333 431
13331 13343 4134 433 13133 334 43313 433
13301 111144 4034 333 131311 441 4433 434 131413 - - 4413
12903 311449 4033 381 4130513 189 4181 433 19168 311426 4686 41'31'1
13905 311346 4030 383 13058 333 4343 435 13169 cur 26 4687 443
13333 - - 333 13333 334 43441 433 13133 - 443
13313 111143 4031 384 13333 - - 4334113 13133 334 4310 443
13313 331 3343 333 13334 133 4133 430 13131 333 4313 4413

 

