ι
5—-

ιιιιξιιιιιιξιιι

.—

r 3993

3996

3997

3998

1 4006
. . 4007
1 7 4012
S ' 4013
.“ 4014
“ 4015

ξ’ 4010
970 4017
975 4022
976 4023
977 4024
982 4029

418166 14096 4

991 4040

996 4045
661 l 4050
661 9 4058

Ι Ι Ι 1 1 1 Ι Ι Ι

66110 4059 - “”
66111 4060 - “’
66112 4061 12768 ““
66113 4062 12752 “'
66114 4063 -12753 “
66115 4064 12754 “

ἓέἐ
00

{3335}

275
336· 563 66144

{amm

,517

661 16
661 17
661 18

“ 66119
“ 6611966

661 20

“ 66121
.· “ 66122
“ 1 66123

661 24

'' 66125

661 26
661 27
661 28
661 29
661 30
661 31
661 32
661 31
661 34
661 37
661 38
661 39

661 40
661 41
661 42

336· 563 66145
330
408
408

661 46
661 47
661 48
661 49
661 50
661 51
661 52
''cur 53
661 54
661 55
661 56
661 57
L 171
24
141
150
153
154
161
162
173
174
175
177
180

185
188
183

INDEX nnl'rlonmi.

4065 12755 329
4066 12757 329
4067 12758 330
4068 12751 330
4069 12756 331
4070 12749 326
4071 12750 327
4072 12759 331
4073 12769 333
4074 12770 334
4075 12764 326
4076 12765 326
4077 127706 326
4078 - 326
4079 12772 ’1
4080 - 326
4081 12763
4082 12771
336
336
' 339

4092 12815
4094 12901
4095 12903
4096 12905 “
4097 12910 ²
4098 - .
4099 .. .
4100 -
4101 -·
4102 12956
4103 12941 “
4104 12942
4105 -
4106 -
4107 12943

4109 13417
4118 13423
4133 13022
4142 13043 1
4145 13444 ⁶
4146 13445
4153 13448
4154 13449 1
4166 13027
4167 13458
4168 13459
4170 13461
4173 1303133 420
4178 13465 406
4180 13467 473
4181 13053 425

192
196
198
199
200
205
1206
207
217

11⁸3.th Β Ρ

4184 13048
4188 13029 ’
4190 -
4191 13030
4192 13041 7
4197 13031
4198 13475 1
4199 13476
4209 13068

2! 4211 13077

4212 13078
4213 13480
4214 13481
4215 -
4218 13482
4221 13485
4224 13487 .
4225 13092 ⁸

'⁰' 4229 13089
1“ 423013489

4232 13090
4233 13091
4235 13106

11 4237 1306861

441442

13122

1 4238 13111
1 4239 13112

4240 13113
4241 12994

’ 424313119
1* 4245 13058

1”’ 4247 13096

1. 4251 13494

1 4253 13093
· 4254 13131

“ 4259 13125
” 4260 13126
1“ 4261 13127

1 4265 13151

1 4272 13135

4246 13059
4248 13097
4249 13098
4250 13493

4252 13495

4258 13107

4262 13128

4265 13151
4269 13149
4270 13139
4271 13134

ἓὲἓὲἓέἓΞὲΞὲΞΞ-Ξὲἒὲξξὲἓέ

4273 13136
4276 13158 452

1 4277 13155

131566 451

4278 13504 452
4279 13109 437

1 4281131118 447

289

4281 13156 450
781

 

