B P
4283 13123

4284 13535 .'

4302 13132
4312 13181

·“ 4315 13133

4316 13130
4318 13523

· 4320 13525

4321 137126
4322 13527

·’ 4323 13523
.· 4324 13523 .
“ “ 4328 13130

4323 13532

⁸· 4332 13138
· 4333 13202
· 4334 13133
. ' 4338 13133

” 4333 13535
· 4340 13213
2⁷· 4314 13201
77 4346 13187
177 4347 13533
’7 ’ 4343 13533
77” 4343 13540
·7 4350 13120
’7. 4351 13121

' 4356 13133
· 4353 13214
ἔ 4360 13546

4361 13217
4362 13215

“ 4363 13216
’- 4364 13547
“ 4366 13543
:- 7 4367 13543
“·” 4363 13137
7 4372 13552
“’ ‘. 4374 13554
⁹ ‘ 4375 13555
1 4377 135157
’- 4373 13553
. 4382 13223
1322311
:s 4333 43561
1. 4334 13140
1 7 43311 132341
1. 4383 13340
ts. 4391 13307

4394 13565

’ 4335 13566
’ 4337 13236

4333 13563

2 4235 13506 7 ‘
.7 4287 13507 7.
“ 4288 13503 7 ·
: 4234 13130
· 4233 135171 “
4299 1315111 ·. .

446
453
460
4718

’111

461
457

464

466
463
463
465
462
470
467
462
463
463
456
440
440
463
475

111 ξ
471 1

472
431

44371

472
465
421

443 ,

443
460
4714

1 111

467
473
477
517
4771
431
443
479
452

INDEX EDITIONUM.

B P
4400 13224
4402 13571
4403 13231
4404 13229
4405 13227
4406 13235

4403 13573 ·
4411 13250 ‘'

4412 13252

· 4414 13256
4415 132714 ·

4423 13582

4425 137133 7
4427 13261 ·

4431 13273

4432 13587 7·

4433 13051

“ 4435 13590 Α

. 4437 130615 ·’
’ 4438 13531 ·’
4433 13233 7

4440 13277 7 .'
4443 13278 . ’
7 4447 13286 7.

7’“ 4443 13536
7 4450 131537 7
⁸⁴ 4454 13235
’7 4457 13601

4458 13232

““ is 4459 13233 71
4460 13284 7 .
7 4462 13304 7 ’
¹ ⁸ 44114 1311111 11·
’“ 4467 13608 7
. 4463 13610
4470 13611 7
4471 13322 7
1 4476 13616
” 4477 13617 7·
4473 13613 7 ·..
4473 13613 7·
1 4430 13334
. 4481 13337 7·”
.” 4437 13623 f*
.. 4433 13625
7 4433 13626
7 4431 13347 7 ·.
7 4432 13343 7·
7 4434 13076 ”
4495 13353 7 ⁶
7 4437 13333
7 4433 13630
7 4501 13353 7
7 47102 13633 ·”
7 ·’ 4503 13634 6.
7 4504 13327
.7 47105 13635 7·
7 ” 4507 13249
7 4508 13636 .”

'LVIBP

· 513
² 520

521
7122

' 1523

525
7130
7131

71371
536
7137
7138
7133
546
541
7142
7143
544
5415
7146
7147
7148
549

551

553
71714

71716

4503 13360
4510 13361
4511 13363
4512 13364
4513 13366
4515 13637
41520 -

pag.
7132
5³3
7134

71311
7130
7113

11111 1111111 ,-..·
1111111 ·

45271 13642

7131

4526 13643 7”

4527 13644
4523 13635

537
7133

47123 13646 7 ⁹

47130 13647
47131 13643

4532 13649 7

47133 13305 ,7 7
41534 13650 7 7
47135 13651 7
4536 13303 . “

47137 13652
4533 13653
47133 13343

4541 13377 7
J· 4542 136715
41543 13316
4544 - 77
4545 13317 .”·7
4546 - 7“
7 7“ 47147 13657 .”
,7 . 4543 13653 7 '
7 4550 13332 .”

7 4551 1333211 7
7 4553 13337 .

7 4554 13383 7

' 4558 13381 7 ’.
7 ’4 47153 13382 7
,Ἴ 4563 13388 76
7 4571 13666 7 ·.
4572 13406 7”
7 1 4576 13670
7 “ 4577 13671
7. 4582 136711 7 “

' 4585 13673 7 ’7
4536 1363) 7 ”
7.” 4587 13631 7 7 “
’ 4591 13683 7’
“ 47132 13684 7 “
’7 4533 13362 7
” 4534 13435 7 ·.

.· 111111 13311 1·;
·· 111111 11111111
1111 1311111 1·
· 11111 1111111 ·..·

” 4600 13378 7”
“· 4603 13630
' 4604 13691

. 4605 13316 1““

 

