INDEX 60111010611.

183 9499 19491 914 594 9591 - 586
181 9433 19493 915 596 9593 19500 950
193 9434 - 908
989 9435
9436
9437 917 611 9608
9440 933 614 9611

44444433 mmvnr με.

600 9597 -
907 601 9598
193 916 609 9599
180 ¹
194
194
194

194

4444 44433 Ν 343 615 1611
1141 - 161 616 4443
4443 - 434 444 3444
4444 -- 434 443 3444
4443 433 ’ 443 3444
4443 334 444 3444
4444 433 444 3434
444 434 4443
343 344 3443
443 443 4434
444 434 4444
444 434 4443
434 ·· 4433
334 4434
566 4434
334 4434
434 ·

434
444
444
444
433
434
433
165
433
444343
443
444
484 -
443 4443 44444
443 · 44444
1566 - 166 ⁶· 11515
1540 444443 ·· -
1541 444 0 44443 ⁸
3444 433 · .
1560 444
4444 443
4443 444
4444
4444
1560
1565

404
194
188 -

Ξέἕὲἓὲἒὲξὲἓὲἓὲἓ
Ξ

,-.
ιιιξιιιιιιιι

188
908
908

9467
9471
9479
9489
9483
9484
9485
9486

-.
ξιι

196

434 Ι
166

Ι Ι Ι Ι Ι 1 Ι Ι Ι Ι Ι Ι Ι

Ι
ἓξὲξ
1

. 9496
¹ ι 9504

’ 9506
9519
9513
9590
9594
9531
9539
9533
9534
9535

Ξ

19387

{3
...
ιιιιξιιιιιιιι

910
166

444,

443 443 3444
444 443 3444
444 ⁴ 444 4444
160 ἶ 560 4444
434 1 561 4443 160
344 434 4434 443
444 560 4434 444
444 Ι 561 4433 - 444
444 434 4433 - 443 4433 44444

947
· 948

ιξΙΙΙΙΙΙΙΙΙΙΙΙΙΙΙ

ιιιιιιιιιιιιιιιιιιιξξιιιιι

 

