'B pag. Ρ

4329 424

” 4336 462

4347 463

’ 4348463

4331 431
4366 436

“⁶ 4364 431
” 4366 443
ἰ’ 4367 472

4372 421

. 4374 443
“ . 4376 443
’” 4377

. 4379 464
1 4383 467

466

4394 431
4396 443

” 4399 462

440.) 478

14468434

4423 480
4426 483
4432 629
4436 483

14436426

4449 611
4466 617

3⁷ 4467 486

1411 555
1411 511
1151 511
1411 511
1111 511

13619
13623
13623
13626
13631
13633
13631
13636
13636
13631

13642 ’

13643
13644
13646
13646
13647
13648
13649
13660
13661
13662
13663
13666
13667
13669
13666
13670
13671
13676
13679
13680
13681
13683

” 4477 622 13684

1111 511 1 11111

1111111111111110111111.

’111 B pag. 1
4111 511

489
497
499
666
668
311
613
616
618
626
636
636
637
638
639
646
641
642
644
646
647
648
662
667
669
681
686
687
692
696
696
697
601
602
606

4431 326
4439 421
4499 ’421
4498 419
4392 431
4193 429
4363 329
4363 332
4313 339
4323 331
4326 ’331
4321 331
4323 333
4329 331
4339 422
4331 311
4332 311
4334 313
4131 316
4331 316
4333 421
4142 323
4341 343
4349 336
4311 329
4316 412
4311 434
4332 346
4333 333
4336 336
4381 336
4391 333
4392 333
4396 366

11 VI
607
608

13686
13687
13690 613
13691 614
13694 617
13696 620
13697 621
13700 626
13702 627
13703 628
13764 631
13720 662
13726 661
13727 664
13732 cur 19

cur 49-

51
19131 111 J*

cur 66-

61

13731 cur 62
13736 cu'r 66
13737 cur 66
13738 cur 67
13739 cur 70
13740 cur 71

B με.
4697 666
4698 126
4666 638
4604 641
4667 421
4610 662
4611 362
4616 666
4617 617
4618 317
4621 626
4642 644
4661 621
4164 329
4686 411
4710- 499-
4713 3611
4714· 496-

34 4716 497
4716- 606· -

4722 661
4723 661
4726 603
4727 664
4726 604
4731 648
4732 649

cur 71111- 4733- 660-

13741

16687 -
16692 -

86

, 15591 -

11 IV
16694 cur 82

4748 554
- 666
- 666
- 666

 

