INDEX EDITIONUM.

Ρ 14 lv B pag. P le B pag. P B pag.
12241 · 411 21144 11111 12452 cur 53 211011 224 1251111 311113 2911
- 12243 - - 172 Ι12454 - - 2211 1211117 354
12244 - - 172 ’ 124511 1111411 211114 1114234 1211111 - 41111
122411 cur 1311 311411 7311111 124511 -· - 5115 121111 - 4011
122411 117 21112 11111 124112 - - 273 121117 - 300
12255 - - 257 1 124115 - ’ - 211 1211111 ” 3134 ’1111
12257 - - 51111 1241154, - ·- 21151111 121122 311111 3111
122114 311 211111 211 J 1241111 - - 21111 1211211 311117 :m
12211414 - - 211 12473 1141114 31111 2411 1211311 3213 30115117
12211414 - - 211 12475 1111711 211115 242 121145 3133 3116
1221141· 117 ’21132 211 124711 534 2531 243 1211511 31511 3011
12211411 011 211113 211 124711 1144111 31111 243 121152 - 566
1221111 21211 137 124114 5111 25112 273 121155 - 300
1221111 -- 11111 12500 51111 2533 250 1211111 311111 000
12211314 - 1311 12501 - - 251257 12111111 3221 3111
122711 -11111 125112 11411 21145 252 12111111 3223 310

1221111 5 2133 137 125115 curm 30311 255 1211711 . 3222 310

143111 · 0100 100 14131 020 4311 433 14111, n· 3444 010
14314 - 111 141411 343 4343 431 14314 1 3443 313
14314 - 010 141411 114 4113 413 14313 1 0210 300
14344 - 433 14314 1114 4333 4114 14333 1 3431 310
14343 ·; 4414 100 14311 314 4613 433 1000 ὁ1 3433 010
14311 = .·-· 2020 102 12510 311 43113 114433 14333 3431 313
14413 - 411 14111 3111 4333 431 1200 007 0200 010
’14334 ·.·· 4433 414 14313 311 4313 433 143114 - -- 3141
14313 - 4111 14143 133 41311 433 12004 - - 1414
14331 4431 434 143411 114113 0020 4114 141111 4414 0200 010
14311 - 443 14341 114 4114 414 14144 333 34111 111
14313 4343 131 14131 144 41414 434 14143 411 3341 334
14313 344 4341 100 14131 1111 4131 411 141331 - - 411. 441
14311 .. -- 1111 14133 - - 200 14131 341 3131 344
14313 -- - 413 144411 cur 00 3143 413 14134 343 3333 433
143111 cur 00 4114 433 14344 134 4133 411 14134 - - 3411
143141 111 31 4311 431 14313 cur 113 0020 200 44133 311 343 3411
14311 :00 4331 4114 14341 - - 331 141311 - - 363
143111 - 411 14141 1111 4141 431 14131 W) m.) ,Μ
14334 -- 100 141411 cur 131 3141 134111 14143 · ’ · ’
123115 - 000 LV 127411 3111211 411711 3211
124112 -- - 11113 1251111 4511 311111 324 127511 111121 41171 2127
124113 .·”’ 2374 21111 la lv 12751 1111111 411111 3311
14434 4313 433 14311 000 0010 4143 14134 cur 13 4334 341
141411 000 ‘200 14334 - - 413 14113 cur 14 4413 343
14441 4334 4111 141141 4111 4313 202 14134 0010 4334 3411
14431 413 000 14311 000 4334 41411 14113 cur 13 41111 343
14433 4311 200 14113 111144 0010 200 , 14133 cur 1111341411 331
1241111 211111 21111 11111211 31141 21111 12757 311417 411111 11211
11411 s* 14314 «cur 121 31111 2111 14133 eur 10 4007 0⁹0
44414 · 1111143 3344 431 14133 cur 44 4314 331
14413 14311 020 2020 413 141134 444 3414 343
14441 4 143114 341 4431 131 141113 eur 01 4001 020
14443 - w· 14334 00 2001 434 14131 eur 41 4311 343
14444 2: 114133 314 43144 441 14113 eur -20 41113 343
14443 114331 1111 4333 334 14131 3111 34311 334
14433 ·· 2 ⁸ 1443311 1113 41414 131 14133 eur 14 4331 334
14444 · Lv 14133 eur 20 41413 333
12447 ” ’(1 ⁸⁹ 12592 - - 21111. 5117 ’12770 111124 41174 1134
14443 141113 11 0000 433 1411144114 41 4311 343
14443 4333 444 14333 00 3311 431 14114 cur 31 43114 343
14410 4333 444 143, 143314 - - 333 14114 cur 43 4313 343

 

