617

LI Ρ Β pag.

166
167
176
179
183
700
704
705

166
167
176
179
183
700
704

706

738

243 .-

744

763
756
757
761

764

777
779
790
799
307
306
306

344
347
363
364
366
356
369
360
364

11161 73
11163 74
- 566667
- 76
- 77
1116353] 666
- 78
11166 73
- 79
- 79
30
- 666
11185 567
11186 567
567
667
567
- 567
566
31

666

667

...
11111!!!{¹

Ι l Ι 1 Ι Ι Ι Ι Ι Ι

>d
.—
...Δ
Φ
Φ

L Ι
617
675
640
557

559
559
591
599
Ι 594
3 595

697
599
600
601
607
603

INDEX EDI'I'IONUM.

B

618
576
641
664
669
570
697
694
595
597
538
600
601
607
603
604

670

630

657

Ρ pag.
11786 40665
11783 666

758

⁷553-

664

665 -

656
663
664
665

686
687
690

11371 48
— 666
- 665
11379 666
·- 568
- 67
- 49
- 49
11390 60
- 61565
114095 61 ⁴
11385 98
- 78
- 457
- 566

11469 67
11470 57
11471 568

768

54

5 II
67
58

74

80055

95

96
98

99
100
114
118
161
181
191
197
193
194
198
199
704

ἓξ

ἕξ

ἓξ.

ἓξ

ἐξ

ἔὲἓὲἓξὲ

ea-
ΞΡ.

B
804

806
871
879
845
846
848
849
850
864
868

941
947
943
944
948

954
966
967
968
969

ΙΙΙΙΙΙΙΙΙΙΙΙΙΙΙΙΙΙΙΙΙΙΙΙΙΙνυ

:2
Ξ

‘q

ἓξὲξ

ῧωὲἒὲἒὲἒὸἶὲἒξέἶὸἒ

Ξεεὲέεςὸἓεεεὲεῑ“

83
ἒ

εὲεὲεεεὲῧωὲεῇεεεεεεξε-ῑεξεξεξὲἓξὲεεεεεεςὲἓέἓξεέ,

3832

Ξ

 

